True
True
   	      	                                  fitness                                  	                      size                     
   	      	---------------------------------------------------------------------------	-----------------------------------------------
gen	nevals	avg        	gen	max        	min     	nevals	std        	avg 	gen	max	min	nevals	std    
0  	100   	4.26389e+06	0  	4.26384e+08	0.276702	100   	4.24247e+07	4.69	0  	12 	2  	100   	2.60651
1  	100   	26.601     	1  	1349.81    	0.276702	100   	133.828    	4.96	1  	14 	1  	100   	2.85979
2  	100   	10.8067    	2  	238.861    	0.276702	100   	25.3307    	5.61	2  	19 	2  	100   	3.47245
3  	100   	4.08687e+141	3  	4.08687e+143	0.276702	100   	4.06638e+142	6.18	3  	19 	1  	100   	3.40993
4  	100   	17.9913     	4  	1410.84     	0.276702	100   	140.096     	6.55	4  	19 	1  	100   	3.52527
5  	100   	3.16489     	5  	16.2034     	0.276702	100   	3.32737     	6.81	5  	14 	1  	100   	3.44585
6  	100   	4.087e+141  	6  	4.08687e+143	0.389812	100   	4.06638e+142	7.65	6  	18 	1  	100   	3.82982
7  	100   	1.4304e+142 	7  	4.08687e+143	0.276702	100   	6.62463e+142	8.6 	7  	20 	2  	100   	3.8    
8  	100   	1.29012e+94 	8  	1.29012e+96 	0.276702	100   	1.28365e+95 	7.91	8  	19 	1  	100   	4.21923
9  	100   	2.98188     	9  	17.8262     	0.276702	100   	3.18594     	7.78	9  	28 	1  	100   	4.47343
10 	100   	6.31311e+141	10 	2.51288e+143	0.276702	100   	3.72664e+142	8.11	10 	23 	1  	100   	4.74741
11 	100   	2.42252     	11 	13.9054     	0.276702	100   	2.63545     	8.15	11 	22 	1  	100   	4.19136
12 	100   	2.77659     	12 	47.7729     	0.276702	100   	5.04743     	8.2 	12 	23 	1  	100   	4.44522
13 	100   	6.59974e+141	13 	4.08687e+143	0.276702	100   	4.75199e+142	9.17	13 	20 	1  	100   	4.68627
14 	100   	3.82153e+94 	14 	3.82153e+96 	0.276702	100   	3.80238e+95 	8.94	14 	22 	2  	100   	4.53833
15 	100   	4.08687e+141	15 	4.08687e+143	0.276702	100   	4.06638e+142	9.51	15 	20 	2  	100   	4.41926
16 	100   	1.36702e+142	16 	4.08687e+143	0.345484	100   	6.55059e+142	9.56	16 	20 	1  	100   	4.81938
17 	100   	5.15238e+143	17 	4.97935e+145	0.0854725	100   	4.95339e+144	11.22	17 	23 	2  	100   	4.81992
18 	100   	1.91284e+142	18 	8.17373e+143	0.276702 	100   	1.0144e+143 	10.09	18 	20 	1  	100   	4.77932
19 	100   	1.27961e+142	19 	6.1303e+143 	0.276702 	100   	7.67884e+142	8.75 	19 	20 	2  	100   	4.99074
20 	100   	4.99978e+143	20 	4.97935e+145	0.345484 	100   	4.95423e+144	8.96 	20 	17 	1  	100   	4.66459
21 	100   	8.23424e+141	21 	6.1303e+143 	0.0854725	100   	6.40937e+142	10.61	21 	23 	2  	100   	4.70934
22 	100   	4.30399e+141	22 	4.08687e+143	0.0854725	100   	4.06738e+142	11.65	22 	26 	1  	100   	5.37843
23 	100   	5.09013e+143	23 	4.97935e+145	0.0854725	100   	4.95367e+144	12.4 	23 	26 	2  	100   	5.69386
24 	100   	1.22606e+142	24 	1.02172e+144	0.0854725	100   	1.03471e+143	12.24	24 	26 	2  	100   	5.3891 
25 	100   	3.01998e+139	25 	3.01998e+141	0.0789119	100   	3.00484e+140	13.86	25 	28 	1  	100   	6.09429
26 	100   	2.04343e+141	26 	2.04343e+143	0.0854725	100   	2.03319e+142	12.09	26 	26 	2  	100   	5.49926
27 	100   	2.5525e+143 	27 	2.48967e+145	0.0854725	100   	2.47697e+144	13.48	27 	30 	3  	100   	5.49815
28 	100   	4.08687e+141	28 	4.08687e+143	0.0854725	100   	4.06638e+142	14.88	28 	26 	3  	100   	4.98855
29 	100   	4.08687e+141	29 	4.08687e+143	0.026855 	100   	4.06638e+142	13.69	29 	26 	3  	100   	4.96527
30 	100   	3.64081e+16 	30 	3.58312e+18 	0.026855 	100   	3.56504e+17 	11.57	30 	25 	3  	100   	5.22351
31 	100   	3.58312e+16 	31 	3.58312e+18 	0.026855 	100   	3.56516e+17 	11.87	31 	25 	1  	100   	5.26432
32 	100   	3.58312e+16 	32 	3.58312e+18 	0.026855 	100   	3.56516e+17 	12.04	32 	22 	3  	100   	4.89473
33 	100   	761079      	33 	4.14884e+07 	0.026855 	100   	5.34961e+06 	10.55	33 	19 	1  	100   	4.73999
34 	100   	62387.8     	34 	3.48084e+06 	0.026855 	100   	439665      	11.06	34 	19 	1  	100   	4.4829 
35 	100   	5.76938e+14 	35 	5.76937e+16 	0.026855 	100   	5.74045e+15 	12.5 	35 	22 	3  	100   	4.02119
36 	100   	37524.9     	36 	3.74986e+06 	0.026855 	100   	373104      	11.29	36 	19 	3  	100   	4.01571
37 	100   	3.58312e+16 	37 	3.58312e+18 	0.026855 	100   	3.56516e+17 	11.17	37 	24 	1  	100   	4.40921
38 	100   	2.36751     	38 	76.2711     	0.026855 	100   	8.13774     	10.62	38 	22 	3  	100   	4.04668
39 	100   	35.5173     	39 	2902.4      	0.026855 	100   	291.384     	9.57 	39 	17 	2  	100   	3.29926
40 	100   	1.30402e+07 	40 	1.30402e+09 	0.026855 	100   	1.29748e+08 	9.6  	40 	19 	1  	100   	3.69594
41 	100   	309.245     	41 	29201.4     	0.026855 	100   	2907.62     	8.98 	41 	21 	3  	100   	3.62762
42 	100   	3031.71     	42 	302780      	0.026855 	100   	30125.8     	8.89 	42 	20 	3  	100   	3.47533
43 	100   	4.78125     	43 	258.334     	0.026855 	100   	25.8722     	8.95 	43 	18 	2  	100   	3.80624
44 	100   	4.72504e+07 	44 	4.72504e+09 	0.026855 	100   	4.70135e+08 	8.38 	44 	17 	1  	100   	3.5687 
45 	100   	2.30424     	45 	16.8658     	0.026855 	100   	4.54641     	8.08 	45 	18 	1  	100   	3.39317
46 	100   	176.553     	46 	17299.1     	0.026855 	100   	1720.89     	8.18 	46 	18 	2  	100   	3.44494
47 	100   	1.70609e+20 	47 	1.70609e+22 	0.026855 	100   	1.69754e+21 	7.91 	47 	17 	3  	100   	3.02356
48 	100   	7.18236e+22 	48 	7.18236e+24 	0.026855 	100   	7.14636e+23 	8.37 	48 	17 	2  	100   	3.53456
49 	100   	11.7765     	49 	599.068     	0.026855 	100   	59.8171     	8.19 	49 	17 	1  	100   	3.15815
50 	100   	6.48687     	50 	220.11      	0.026855 	100   	23.3202     	7.98 	50 	20 	2  	100   	3.31053
51 	100   	4370.7      	51 	433079      	0.015353 	100   	43087.7     	8.08 	51 	17 	3  	100   	2.82021
52 	100   	1.16427     	52 	12.3926     	0.015353 	100   	2.18425     	8.21 	52 	18 	2  	100   	2.70664
53 	100   	1.8174      	53 	23.549      	0.015353 	100   	3.6319      	8.64 	53 	19 	5  	100   	2.95134
54 	100   	7.97419     	54 	678.963     	0.015353 	100   	67.5295     	8.59 	54 	17 	1  	100   	2.75353
55 	100   	1082.71     	55 	107901      	0.015353 	100   	10735.7     	8.66 	55 	18 	1  	100   	3.04375
56 	100   	5.93752     	56 	450.073     	0.0116142	100   	44.8233     	8.99 	56 	23 	5  	100   	3.22334
57 	100   	8694.71     	57 	869217      	0.0116142	100   	86485.7     	8.72 	57 	19 	1  	100   	3.08247
58 	100   	3.37566     	58 	77.074      	0.0116142	100   	9.41089     	9.07 	58 	20 	3  	100   	3.51071
59 	100   	628.665     	59 	61636.5     	0.0116142	100   	6131.79     	8.79 	59 	19 	5  	100   	2.93017
60 	100   	57.7544     	60 	4333.13     	0.0116142	100   	437.978     	8.38 	60 	17 	3  	100   	2.62214
61 	100   	2.70504     	61 	33.5521     	0.0116142	100   	5.56255     	9.17 	61 	19 	4  	100   	3.36765
62 	100   	112.811     	62 	11134.8     	0.0116142	100   	1107.75     	9.26 	62 	17 	1  	100   	3.41649
63 	100   	3.42454e+37 	63 	3.42454e+39 	0.0116142	100   	3.40738e+38 	9.66 	63 	21 	3  	100   	3.10232
64 	100   	5301.24     	64 	529921      	0.0116142	100   	52726.3     	9.95 	64 	19 	3  	100   	3.4362 
65 	100   	24491.8     	65 	2.44866e+06 	0.0116142	100   	243638      	10.27	65 	17 	4  	100   	3.48383
66 	100   	13.7868     	66 	1223.76     	0.0116142	100   	121.656     	10.15	66 	28 	4  	100   	3.85843
67 	100   	2.05697     	67 	41.184      	0.0116142	100   	5.33441     	10.33	67 	18 	5  	100   	3.52719
68 	100   	2.96591     	68 	55.8127     	0.0116142	100   	8.59086     	9.61 	68 	20 	1  	100   	3.56902
69 	100   	1.87248     	69 	44.2409     	0.0116142	100   	5.25756     	10.3 	69 	19 	4  	100   	3.52278
70 	100   	12.143      	70 	636.624     	0.0116142	100   	76.9324     	10.37	70 	19 	3  	100   	3.67874
71 	100   	2.06923     	71 	21.3587     	0.0116142	100   	4.28299     	9.83 	71 	18 	1  	100   	3.55262
72 	100   	7.02582     	72 	267.028     	0.0116142	100   	34.4919     	10.64	72 	19 	1  	100   	3.64834
73 	100   	9.49763e+07 	73 	9.49763e+09 	0.0116142	100   	9.45002e+08 	8.93 	73 	17 	1  	100   	3.17885
74 	100   	1.69382     	74 	67.0795     	0.0116142	100   	6.87974     	9.22 	74 	18 	1  	100   	3.39582
75 	100   	5.75782     	75 	444.206     	0.0116142	100   	44.1311     	9.25 	75 	22 	3  	100   	3.47958
76 	100   	3.11368     	76 	165.532     	0.0116142	100   	16.5976     	9.27 	76 	24 	1  	100   	3.7679 
77 	100   	17.0898     	77 	1533.23     	0.0116142	100   	152.475     	9.75 	77 	22 	3  	100   	3.756  
78 	100   	38.2523     	78 	3654.23     	0.0116142	100   	363.437     	9.65 	78 	23 	4  	100   	3.97083
79 	100   	2.46554     	79 	63.1708     	0.0116142	100   	7.59853     	9.75 	79 	19 	2  	100   	4.0654 
80 	100   	3660.2      	80 	364996      	0.0116142	100   	36315.8     	8.96 	80 	18 	1  	100   	3.61641
81 	100   	3.19439e+06 	81 	3.19438e+08 	0.0116142	100   	3.17837e+07 	8.87 	81 	18 	1  	100   	3.3035 
82 	100   	1.0054      	82 	10.243      	0.0116142	100   	1.83971     	8.59 	82 	17 	1  	100   	3.11158
83 	100   	2.53553e+06 	83 	2.53553e+08 	0.0116142	100   	2.52282e+07 	8.29 	83 	17 	1  	100   	3.01428
84 	100   	75.3567     	84 	7421.06     	0.0116142	100   	738.278     	8.59 	84 	20 	3  	100   	3.34094
85 	100   	3.50905     	85 	198.492     	0.0116142	100   	20.0033     	8.44 	85 	18 	1  	100   	3.25982
86 	100   	32539.4     	86 	2.81294e+06 	0.0116142	100   	282856      	8.32 	86 	18 	1  	100   	3.4231 
87 	100   	2.55866     	87 	103.679     	0.0116142	100   	10.4383     	8.5  	87 	18 	4  	100   	3.39264
88 	100   	1764.13     	88 	172310      	0.0116142	100   	17145       	8.51 	88 	20 	1  	100   	3.36004
89 	100   	6.10819     	89 	418.03      	0.0116142	100   	41.5846     	8.56 	89 	18 	3  	100   	3.2259 
90 	100   	11641       	90 	1.16391e+06 	0.0102315	100   	115807      	8.33 	90 	18 	2  	100   	2.97676
91 	100   	1.95728e+07 	91 	1.95728e+09 	0.0102315	100   	1.94747e+08 	8.54 	91 	18 	4  	100   	3.16676
92 	100   	1.09375     	92 	15.1191     	0.0102315	100   	2.46195     	7.81 	92 	19 	2  	100   	3.00897
93 	100   	3.02679     	93 	121.296     	0.0102315	100   	13.6437     	7.81 	93 	19 	1  	100   	2.67468
94 	100   	3.88487     	94 	164.481     	0.0102315	100   	21.1119     	7.77 	94 	18 	1  	100   	2.57237
95 	100   	20.8795     	95 	1956.11     	0.0102315	100   	194.56      	7.63 	95 	19 	1  	100   	2.65953
96 	100   	0.845115    	96 	23.9287     	0.0102315	100   	3.20046     	7.89 	96 	18 	1  	100   	2.45314
97 	100   	7.9827      	97 	582.445     	0.0102315	100   	58.0956     	7.14 	97 	16 	1  	100   	2.14951
98 	100   	8.96789     	98 	367.865     	0.0102315	100   	43.5663     	7.66 	98 	17 	1  	100   	2.33761
99 	100   	1.73456e+06 	99 	1.73456e+08 	0.0102315	100   	1.72587e+07 	7.27 	99 	17 	1  	100   	1.5547 
100	100   	1.68959e+13 	100	1.68959e+15 	0.0102315	100   	1.68112e+14 	7.44 	100	16 	1  	100   	1.88319
False
False
351
35
('Line {r} is corrupt', 34, 0)
('Line {r} is corrupt', 34, 1)
('Line {r} is corrupt', 34, 2)
('Line {r} is corrupt', 34, 3)
('Line {r} is corrupt', 34, 4)
('Line {r} is corrupt', 34, 5)
('Line {r} is corrupt', 34, 6)
('Line {r} is corrupt', 34, 7)
('Line {r} is corrupt', 34, 8)
('Line {r} is corrupt', 34, 9)
('Line {r} is corrupt', 34, 10)
('Line {r} is corrupt', 34, 11)
('Line {r} is corrupt', 34, 12)
('Line {r} is corrupt', 34, 13)
('Line {r} is corrupt', 34, 14)
('Line {r} is corrupt', 34, 15)
('Line {r} is corrupt', 34, 16)
('Line {r} is corrupt', 34, 17)
('Line {r} is corrupt', 34, 18)
('Line {r} is corrupt', 34, 19)
('Line {r} is corrupt', 34, 20)
('Line {r} is corrupt', 34, 21)
('Line {r} is corrupt', 34, 22)
('Line {r} is corrupt', 34, 23)
('Line {r} is corrupt', 34, 24)
('Line {r} is corrupt', 34, 25)
('Line {r} is corrupt', 34, 26)
('Line {r} is corrupt', 34, 27)
('Line {r} is corrupt', 34, 28)
('Line {r} is corrupt', 34, 29)
('Line {r} is corrupt', 34, 30)
('Line {r} is corrupt', 34, 31)
('Line {r} is corrupt', 34, 32)
('Line {r} is corrupt', 34, 33)
('Line {r} is corrupt', 34, 34)
('Line {r} is corrupt', 34, 35)
('Line {r} is corrupt', 34, 36)
('Line {r} is corrupt', 34, 37)
('Line {r} is corrupt', 34, 38)
('Line {r} is corrupt', 34, 39)
('Line {r} is corrupt', 34, 40)
('Line {r} is corrupt', 34, 41)
('Line {r} is corrupt', 34, 42)
('Line {r} is corrupt', 34, 43)
('Line {r} is corrupt', 34, 44)
('Line {r} is corrupt', 34, 45)
('Line {r} is corrupt', 34, 46)
('Line {r} is corrupt', 34, 47)
('Line {r} is corrupt', 34, 48)
('Line {r} is corrupt', 34, 49)
('Line {r} is corrupt', 34, 50)
('Line {r} is corrupt', 34, 51)
('Line {r} is corrupt', 34, 52)
('Line {r} is corrupt', 34, 53)
('Line {r} is corrupt', 34, 54)
('Line {r} is corrupt', 34, 55)
('Line {r} is corrupt', 34, 56)
('Line {r} is corrupt', 34, 57)
('Line {r} is corrupt', 34, 58)
('Line {r} is corrupt', 34, 59)
('Line {r} is corrupt', 34, 60)
('Line {r} is corrupt', 34, 61)
('Line {r} is corrupt', 34, 62)
('Line {r} is corrupt', 34, 63)
('Line {r} is corrupt', 34, 64)
('Line {r} is corrupt', 34, 65)
('Line {r} is corrupt', 34, 66)
('Line {r} is corrupt', 34, 67)
('Line {r} is corrupt', 34, 68)
('Line {r} is corrupt', 34, 69)
('Line {r} is corrupt', 34, 70)
('Line {r} is corrupt', 34, 71)
('Line {r} is corrupt', 34, 72)
('Line {r} is corrupt', 34, 73)
('Line {r} is corrupt', 34, 74)
('Line {r} is corrupt', 34, 75)
('Line {r} is corrupt', 34, 76)
('Line {r} is corrupt', 34, 77)
('Line {r} is corrupt', 34, 78)
('Line {r} is corrupt', 34, 79)
('Line {r} is corrupt', 34, 80)
('Line {r} is corrupt', 34, 81)
('Line {r} is corrupt', 34, 82)
('Line {r} is corrupt', 34, 83)
('Line {r} is corrupt', 34, 84)
('Line {r} is corrupt', 34, 85)
('Line {r} is corrupt', 34, 86)
('Line {r} is corrupt', 34, 87)
('Line {r} is corrupt', 34, 88)
('Line {r} is corrupt', 34, 89)
('Line {r} is corrupt', 34, 90)
('Line {r} is corrupt', 34, 91)
('Line {r} is corrupt', 34, 92)
('Line {r} is corrupt', 34, 93)
('Line {r} is corrupt', 34, 94)
('Line {r} is corrupt', 34, 95)
('Line {r} is corrupt', 34, 96)
('Line {r} is corrupt', 34, 97)
('Line {r} is corrupt', 34, 98)
('Line {r} is corrupt', 34, 99)
('Line {r} is corrupt', 34, 100)
('Line {r} is corrupt', 34, 101)
('Line {r} is corrupt', 34, 102)
('Line {r} is corrupt', 34, 103)
('Line {r} is corrupt', 34, 104)
('Line {r} is corrupt', 34, 105)
('Line {r} is corrupt', 34, 106)
('Line {r} is corrupt', 34, 107)
('Line {r} is corrupt', 34, 108)
('Line {r} is corrupt', 34, 109)
('Line {r} is corrupt', 34, 110)
('Line {r} is corrupt', 34, 111)
('Line {r} is corrupt', 34, 112)
('Line {r} is corrupt', 34, 113)
('Line {r} is corrupt', 34, 114)
('Line {r} is corrupt', 34, 115)
('Line {r} is corrupt', 34, 116)
('Line {r} is corrupt', 34, 117)
('Line {r} is corrupt', 34, 118)
('Line {r} is corrupt', 34, 119)
('Line {r} is corrupt', 34, 120)
('Line {r} is corrupt', 34, 121)
('Line {r} is corrupt', 34, 122)
('Line {r} is corrupt', 34, 123)
('Line {r} is corrupt', 34, 124)
('Line {r} is corrupt', 34, 125)
('Line {r} is corrupt', 34, 126)
('Line {r} is corrupt', 34, 127)
('Line {r} is corrupt', 34, 128)
('Line {r} is corrupt', 34, 129)
('Line {r} is corrupt', 34, 130)
('Line {r} is corrupt', 34, 131)
('Line {r} is corrupt', 34, 132)
('Line {r} is corrupt', 34, 133)
('Line {r} is corrupt', 34, 134)
('Line {r} is corrupt', 34, 135)
('Line {r} is corrupt', 34, 136)
('Line {r} is corrupt', 34, 137)
('Line {r} is corrupt', 34, 138)
('Line {r} is corrupt', 34, 139)
('Line {r} is corrupt', 34, 140)
('Line {r} is corrupt', 34, 141)
('Line {r} is corrupt', 34, 142)
('Line {r} is corrupt', 34, 143)
('Line {r} is corrupt', 34, 144)
('Line {r} is corrupt', 34, 145)
('Line {r} is corrupt', 34, 146)
('Line {r} is corrupt', 34, 147)
('Line {r} is corrupt', 34, 148)
('Line {r} is corrupt', 34, 149)
('Line {r} is corrupt', 34, 150)
('Line {r} is corrupt', 34, 151)
('Line {r} is corrupt', 34, 152)
('Line {r} is corrupt', 34, 153)
('Line {r} is corrupt', 34, 154)
('Line {r} is corrupt', 34, 155)
('Line {r} is corrupt', 34, 156)
('Line {r} is corrupt', 34, 157)
('Line {r} is corrupt', 34, 158)
('Line {r} is corrupt', 34, 159)
('Line {r} is corrupt', 34, 160)
('Line {r} is corrupt', 34, 161)
('Line {r} is corrupt', 34, 162)
('Line {r} is corrupt', 34, 163)
('Line {r} is corrupt', 34, 164)
('Line {r} is corrupt', 34, 165)
('Line {r} is corrupt', 34, 166)
('Line {r} is corrupt', 34, 167)
('Line {r} is corrupt', 34, 168)
('Line {r} is corrupt', 34, 169)
('Line {r} is corrupt', 34, 170)
('Line {r} is corrupt', 34, 171)
('Line {r} is corrupt', 34, 172)
('Line {r} is corrupt', 34, 173)
('Line {r} is corrupt', 34, 174)
('Line {r} is corrupt', 34, 175)
('Line {r} is corrupt', 34, 176)
('Line {r} is corrupt', 34, 177)
('Line {r} is corrupt', 34, 178)
('Line {r} is corrupt', 34, 179)
('Line {r} is corrupt', 34, 180)
('Line {r} is corrupt', 34, 181)
('Line {r} is corrupt', 34, 182)
('Line {r} is corrupt', 34, 183)
('Line {r} is corrupt', 34, 184)
('Line {r} is corrupt', 34, 185)
('Line {r} is corrupt', 34, 186)
('Line {r} is corrupt', 34, 187)
('Line {r} is corrupt', 34, 188)
('Line {r} is corrupt', 34, 189)
('Line {r} is corrupt', 34, 190)
('Line {r} is corrupt', 34, 191)
('Line {r} is corrupt', 34, 192)
('Line {r} is corrupt', 34, 193)
('Line {r} is corrupt', 34, 194)
('Line {r} is corrupt', 34, 195)
('Line {r} is corrupt', 34, 196)
('Line {r} is corrupt', 34, 197)
('Line {r} is corrupt', 34, 198)
('Line {r} is corrupt', 34, 199)
('Line {r} is corrupt', 34, 200)
('Line {r} is corrupt', 34, 201)
('Line {r} is corrupt', 34, 202)
('Line {r} is corrupt', 34, 203)
('Line {r} is corrupt', 34, 204)
('Line {r} is corrupt', 34, 205)
('Line {r} is corrupt', 34, 206)
('Line {r} is corrupt', 34, 207)
('Line {r} is corrupt', 34, 208)
('Line {r} is corrupt', 34, 209)
('Line {r} is corrupt', 34, 210)
('Line {r} is corrupt', 34, 211)
('Line {r} is corrupt', 34, 212)
('Line {r} is corrupt', 34, 213)
('Line {r} is corrupt', 34, 214)
('Line {r} is corrupt', 34, 215)
('Line {r} is corrupt', 34, 216)
('Line {r} is corrupt', 34, 217)
('Line {r} is corrupt', 34, 218)
('Line {r} is corrupt', 34, 219)
('Line {r} is corrupt', 34, 220)
('Line {r} is corrupt', 34, 221)
('Line {r} is corrupt', 34, 222)
('Line {r} is corrupt', 34, 223)
('Line {r} is corrupt', 34, 224)
('Line {r} is corrupt', 34, 225)
('Line {r} is corrupt', 34, 226)
('Line {r} is corrupt', 34, 227)
('Line {r} is corrupt', 34, 228)
('Line {r} is corrupt', 34, 229)
('Line {r} is corrupt', 34, 230)
('Line {r} is corrupt', 34, 231)
('Line {r} is corrupt', 34, 232)
('Line {r} is corrupt', 34, 233)
('Line {r} is corrupt', 34, 234)
('Line {r} is corrupt', 34, 235)
('Line {r} is corrupt', 34, 236)
('Line {r} is corrupt', 34, 237)
('Line {r} is corrupt', 34, 238)
('Line {r} is corrupt', 34, 239)
('Line {r} is corrupt', 34, 240)
('Line {r} is corrupt', 34, 241)
('Line {r} is corrupt', 34, 242)
('Line {r} is corrupt', 34, 243)
('Line {r} is corrupt', 34, 244)
('Line {r} is corrupt', 34, 245)
('Line {r} is corrupt', 34, 246)
('Line {r} is corrupt', 34, 247)
('Line {r} is corrupt', 34, 248)
('Line {r} is corrupt', 34, 249)
('Line {r} is corrupt', 34, 250)
('Line {r} is corrupt', 34, 251)
('Line {r} is corrupt', 34, 252)
('Line {r} is corrupt', 34, 253)
('Line {r} is corrupt', 34, 254)
('Line {r} is corrupt', 34, 255)
('Line {r} is corrupt', 34, 256)
('Line {r} is corrupt', 34, 257)
('Line {r} is corrupt', 34, 258)
('Line {r} is corrupt', 34, 259)
('Line {r} is corrupt', 34, 260)
('Line {r} is corrupt', 34, 261)
('Line {r} is corrupt', 34, 262)
('Line {r} is corrupt', 34, 263)
('Line {r} is corrupt', 34, 264)
('Line {r} is corrupt', 34, 265)
('Line {r} is corrupt', 34, 266)
('Line {r} is corrupt', 34, 267)
('Line {r} is corrupt', 34, 268)
('Line {r} is corrupt', 34, 269)
('Line {r} is corrupt', 34, 270)
('Line {r} is corrupt', 34, 271)
('Line {r} is corrupt', 34, 272)
('Line {r} is corrupt', 34, 273)
('Line {r} is corrupt', 34, 274)
('Line {r} is corrupt', 34, 275)
('Line {r} is corrupt', 34, 276)
('Line {r} is corrupt', 34, 277)
('Line {r} is corrupt', 34, 278)
('Line {r} is corrupt', 34, 279)
('Line {r} is corrupt', 34, 280)
('Line {r} is corrupt', 34, 281)
('Line {r} is corrupt', 34, 282)
('Line {r} is corrupt', 34, 283)
('Line {r} is corrupt', 34, 284)
('Line {r} is corrupt', 34, 285)
('Line {r} is corrupt', 34, 286)
('Line {r} is corrupt', 34, 287)
('Line {r} is corrupt', 34, 288)
('Line {r} is corrupt', 34, 289)
('Line {r} is corrupt', 34, 290)
('Line {r} is corrupt', 34, 291)
('Line {r} is corrupt', 34, 292)
('Line {r} is corrupt', 34, 293)
('Line {r} is corrupt', 34, 294)
('Line {r} is corrupt', 34, 295)
('Line {r} is corrupt', 34, 296)
('Line {r} is corrupt', 34, 297)
('Line {r} is corrupt', 34, 298)
('Line {r} is corrupt', 34, 299)
('Line {r} is corrupt', 34, 300)
('Line {r} is corrupt', 34, 301)
('Line {r} is corrupt', 34, 302)
('Line {r} is corrupt', 34, 303)
('Line {r} is corrupt', 34, 304)
('Line {r} is corrupt', 34, 305)
('Line {r} is corrupt', 34, 306)
('Line {r} is corrupt', 34, 307)
('Line {r} is corrupt', 34, 308)
('Line {r} is corrupt', 34, 309)
('Line {r} is corrupt', 34, 310)
('Line {r} is corrupt', 34, 311)
('Line {r} is corrupt', 34, 312)
('Line {r} is corrupt', 34, 313)
('Line {r} is corrupt', 34, 314)
('Line {r} is corrupt', 34, 315)
('Line {r} is corrupt', 34, 316)
('Line {r} is corrupt', 34, 317)
('Line {r} is corrupt', 34, 318)
('Line {r} is corrupt', 34, 319)
('Line {r} is corrupt', 34, 320)
('Line {r} is corrupt', 34, 321)
('Line {r} is corrupt', 34, 322)
('Line {r} is corrupt', 34, 323)
('Line {r} is corrupt', 34, 324)
('Line {r} is corrupt', 34, 325)
('Line {r} is corrupt', 34, 326)
('Line {r} is corrupt', 34, 327)
('Line {r} is corrupt', 34, 328)
('Line {r} is corrupt', 34, 329)
('Line {r} is corrupt', 34, 330)
('Line {r} is corrupt', 34, 331)
('Line {r} is corrupt', 34, 332)
('Line {r} is corrupt', 34, 333)
('Line {r} is corrupt', 34, 334)
('Line {r} is corrupt', 34, 335)
('Line {r} is corrupt', 34, 336)
('Line {r} is corrupt', 34, 337)
('Line {r} is corrupt', 34, 338)
('Line {r} is corrupt', 34, 339)
('Line {r} is corrupt', 34, 340)
('Line {r} is corrupt', 34, 341)
('Line {r} is corrupt', 34, 342)
('Line {r} is corrupt', 34, 343)
('Line {r} is corrupt', 34, 344)
('Line {r} is corrupt', 34, 345)
('Line {r} is corrupt', 34, 346)
('Line {r} is corrupt', 34, 347)
('Line {r} is corrupt', 34, 348)
('Line {r} is corrupt', 34, 349)
('Line {r} is corrupt', 34, 350)
complete
   	      	                              fitness                              	                      size                     
   	      	-------------------------------------------------------------------	-----------------------------------------------
gen	nevals	avg        	gen	max        	min    	nevals	std        	avg 	gen	max	min	nevals	std    
0  	100   	8.63856e+13	0  	8.63855e+15	0.87582	100   	8.59525e+14	4.14	0  	11 	2  	100   	2.27605
1  	100   	1.26349e+06	1  	1.26349e+08	0.719869	100   	1.25715e+07	5.65	1  	15 	1  	100   	3.27834
2  	100   	27.2895    	2  	2320.79    	0.594307	100   	230.566    	7.54	2  	15 	2  	100   	2.84401
3  	100   	1.73873    	3  	9.60896    	0.167066	100   	1.85722    	8.35	3  	16 	2  	100   	2.95762
4  	100   	2.15181    	4  	36.6771    	0.167066	100   	4.02328    	8.49	4  	16 	2  	100   	2.97151
5  	100   	29.9402    	5  	2471.28    	0.0859926	100   	246.786    	8.54	5  	16 	2  	100   	2.85804
6  	100   	21.5291    	6  	2032.03    	0        	100   	202.066    	8.81	6  	19 	2  	100   	2.92471
7  	100   	83.7673    	7  	8028.97    	0        	100   	798.68     	10.04	7  	24 	4  	100   	3.58586
8  	100   	7.12089e+06	8  	7.12081e+08	0        	100   	7.08512e+07	12.17	8  	32 	2  	100   	5.70974
9  	100   	6.45227e+06	9  	6.45227e+08	0        	100   	6.41993e+07	11.94	9  	32 	4  	100   	5.11042
10 	100   	801026     	10 	7.24283e+07	0        	100   	7.23919e+06	12.44	10 	36 	4  	100   	5.25798
11 	100   	1.39115e+14	11 	1.39115e+16	0        	100   	1.38418e+15	12.84	11 	36 	4  	100   	4.92081
12 	100   	1843.88    	12 	184291     	0        	100   	18336.6    	12.73	12 	22 	5  	100   	2.91155
13 	100   	151.305    	13 	15091.1    	0        	100   	1501.51    	13.85	13 	24 	3  	100   	4.07278
14 	100   	0.456599   	14 	29.4139    	0        	100   	2.96584    	14.82	14 	30 	1  	100   	4.55934
15 	100   	130.013    	15 	12321.5    	0        	100   	1226.6     	14.09	15 	31 	4  	100   	4.76045
16 	100   	0.380207   	16 	10.6562    	0        	100   	1.5257     	12.32	16 	31 	1  	100   	4.98173
17 	100   	5.95902    	17 	389.876    	0        	100   	42.0938    	9.82 	17 	25 	2  	100   	4.79454
18 	100   	16775.2    	18 	1.67744e+06	0        	100   	166903     	8.02 	18 	22 	1  	100   	3.9471 
19 	100   	0.680745   	19 	18.4838    	0        	100   	2.60347    	7.7  	19 	22 	1  	100   	3.89487
20 	100   	6.92804    	20 	280.294    	0        	100   	36.4459    	7.74 	20 	22 	3  	100   	4.02895
21 	100   	4.42701    	21 	206.383    	0        	100   	25.9139    	8.25 	21 	22 	1  	100   	4.02585
22 	100   	0.562859   	22 	9.21777    	0        	100   	1.73193    	8.15 	22 	21 	1  	100   	3.85325
23 	100   	4.11153    	23 	331.412    	0        	100   	33.0191    	7.82 	23 	21 	1  	100   	3.93034
24 	100   	0.274668   	24 	6.4943     	0        	100   	0.994161   	7.69 	24 	21 	1  	100   	3.50912
25 	100   	3.47914    	25 	265.399    	0        	100   	26.506     	6.94 	25 	20 	1  	100   	3.02265
26 	100   	34.5162    	26 	3301.65    	0        	100   	328.64     	7.16 	26 	20 	1  	100   	2.97563
27 	100   	0.612885   	27 	19.8545    	0        	100   	2.64958    	6.88 	27 	20 	3  	100   	2.5111 
28 	100   	0.435227   	28 	16.0341    	0        	100   	1.76158    	7.28 	28 	20 	3  	100   	3.46722
29 	100   	1.00502    	29 	36.2543    	0        	100   	4.67978    	6.74 	29 	20 	1  	100   	3.29126
30 	100   	1.03527    	30 	28         	0        	100   	4.04361    	6.88 	30 	20 	1  	100   	3.14096
31 	100   	0.618924   	31 	38.7635    	0        	100   	3.91567    	6.49 	31 	20 	1  	100   	3.13208
32 	100   	0.600583   	32 	31.3697    	0        	100   	3.20848    	6.36 	32 	30 	1  	100   	3.32722
33 	100   	1.32568    	33 	67.4877    	0        	100   	7.57266    	6.55 	33 	30 	1  	100   	3.81412
34 	100   	863.497    	34 	86257.7    	0        	100   	8582.44    	6.57 	34 	30 	3  	100   	3.06677
35 	100   	0.250619   	35 	3.10031    	0        	100   	0.692407   	6.63 	35 	31 	1  	100   	3.82794
36 	100   	1.87298    	36 	139.104    	0        	100   	13.9243    	7.34 	36 	31 	2  	100   	5.13657
37 	100   	2.00155    	37 	70.1837    	0        	100   	8.11161    	6.71 	37 	31 	3  	100   	3.85044
38 	100   	0.979605   	38 	52.2522    	0        	100   	5.28395    	6.67 	38 	31 	2  	100   	3.95488
39 	100   	1.04162    	39 	43.7331    	0        	100   	4.68634    	6.64 	39 	31 	1  	100   	3.85881
40 	100   	0.655998   	40 	13.3428    	0        	100   	2.1109     	6.61 	40 	31 	1  	100   	5.18825
41 	100   	0.732024   	41 	42.4744    	0        	100   	4.45495    	6.96 	41 	31 	3  	100   	5.10278
42 	100   	0.87572    	42 	21.4499    	0        	100   	2.9004     	7.7  	42 	31 	1  	100   	6.51076
43 	100   	97.6726    	43 	9700.2     	0        	100   	965.094    	8.28 	43 	32 	1  	100   	7.32541
44 	100   	1.04543    	44 	26.4663    	0        	100   	3.62801    	7.96 	44 	32 	2  	100   	6.89336
45 	100   	1914.93    	45 	191428     	0        	100   	19046.8    	11.22	45 	32 	2  	100   	9.93034
46 	100   	0.589046   	46 	21.0171    	0        	100   	2.33945    	10.8 	46 	31 	1  	100   	9.78366
47 	100   	1.28821    	47 	33.0908    	0        	100   	4.83258    	8.7  	47 	31 	1  	100   	7.73628
48 	100   	0.837479   	48 	20.7439    	0        	100   	2.89165    	8.8  	48 	54 	1  	100   	8.46168
49 	100   	1.37081    	49 	41.5998    	0        	100   	5.76736    	8.19 	49 	54 	2  	100   	7.81242
50 	100   	0.51807    	50 	18.934     	0        	100   	2.28665    	8.37 	50 	54 	1  	100   	7.98831
51 	100   	0.647901   	51 	25.5272    	0        	100   	2.70572    	8.42 	51 	35 	3  	100   	6.33905
52 	100   	0.311816   	52 	10.737     	0        	100   	1.17051    	7.73 	52 	30 	2  	100   	5.58544
53 	100   	0.469264   	53 	21.0593    	0        	100   	2.14921    	8.1  	53 	30 	1  	100   	5.80775
54 	100   	1.11733    	54 	67.6668    	0        	100   	6.79629    	8.6  	54 	35 	1  	100   	7.20694
55 	100   	0.232932   	55 	3.57766    	0        	100   	0.700349   	9.97 	55 	36 	2  	100   	8.75951
56 	100   	0.593029   	56 	11.4075    	0        	100   	1.85281    	9.54 	56 	35 	3  	100   	7.98676
57 	100   	0.252533   	57 	3.29087    	0        	100   	0.606104   	8.82 	57 	35 	1  	100   	7.02478
58 	100   	0.398839   	58 	7.6682     	0        	100   	1.2651     	9.53 	58 	53 	5  	100   	8.4811 
59 	100   	1482.76    	59 	148249     	0        	100   	14750.6    	10.39	59 	53 	4  	100   	10.1034
60 	100   	0.585787   	60 	12.6009    	0        	100   	1.83311    	11.28	60 	41 	1  	100   	10.8583
61 	100   	0.241884   	61 	5.82273    	0        	100   	0.785865   	12.31	61 	42 	1  	100   	11.953 
62 	100   	0.32703    	62 	6.87095    	0        	100   	1.0668     	14.67	62 	42 	1  	100   	13.5263
63 	100   	0.262033   	63 	7.70255    	0        	100   	0.929317   	14.68	63 	45 	1  	100   	13.7992
64 	100   	0.201407   	64 	2.21398    	0        	100   	0.506664   	14.9 	64 	46 	4  	100   	13.923 
65 	100   	28490      	65 	2.84877e+06	0        	100   	283449     	14.96	65 	69 	2  	100   	14.8141
66 	100   	0.377336   	66 	20.0461    	0        	100   	2.06691    	15.57	66 	69 	3  	100   	15.4779
67 	100   	10.4304    	67 	1027.05    	0        	100   	102.176    	15.73	67 	69 	1  	100   	15.805 
68 	100   	3.15344e+06	68 	3.15344e+08	0        	100   	3.13763e+07	12.61	68 	60 	1  	100   	13.1635
69 	100   	7370.43    	69 	736999     	0        	100   	73330.4    	13.45	69 	60 	5  	100   	13.41  
70 	100   	186.515    	70 	18601.2    	0        	100   	1850.74    	11.63	70 	43 	2  	100   	11.7997
71 	100   	0.265045   	71 	6.25348    	0        	100   	0.934418   	12.62	71 	42 	3  	100   	12.6853
72 	100   	1.34908    	72 	108.695    	0        	100   	10.8312    	12.73	72 	42 	1  	100   	12.5633
73 	100   	0.354707   	73 	9.06242    	0        	100   	1.36881    	12.39	73 	63 	1  	100   	12.541 
74 	100   	0.370983   	74 	13.0361    	0        	100   	1.47888    	11.53	74 	63 	1  	100   	11.22  
75 	100   	0.379671   	75 	11.1778    	0        	100   	1.39716    	12.25	75 	44 	1  	100   	11.8586
76 	100   	0.189772   	76 	2.93116    	0        	100   	0.58559    	13.04	76 	42 	3  	100   	12.5554
77 	100   	724.007    	77 	72365.4    	0        	100   	7200.23    	12.05	77 	44 	1  	100   	11.824 
78 	100   	4.98794    	78 	419.429    	0        	100   	42.1618    	16.11	78 	44 	2  	100   	14.6266
79 	100   	0.246461   	79 	3.24861    	0        	100   	0.622751   	13.81	79 	42 	1  	100   	13.2058
80 	100   	0.36419    	80 	12.3383    	0        	100   	1.36395    	14.51	80 	42 	1  	100   	13.8228
81 	100   	0.479014   	81 	16.4045    	0        	100   	1.8491     	13.49	81 	42 	2  	100   	12.6874
82 	100   	0.348143   	82 	6.00764    	0        	100   	1.06551    	12.61	82 	74 	2  	100   	12.5139
83 	100   	0.372976   	83 	11.4153    	0        	100   	1.53013    	12.42	83 	74 	1  	100   	12.6469
84 	100   	0.732799   	84 	23.4591    	0        	100   	2.87052    	12.36	84 	54 	4  	100   	11.4092
85 	100   	0.23361    	85 	8.11697    	0        	100   	0.955866   	11.14	85 	54 	1  	100   	10.3267
86 	100   	29527.9    	86 	2.95277e+06	0        	100   	293797     	10.48	86 	33 	1  	100   	7.89238
87 	100   	0.597833   	87 	35.8428    	0        	100   	3.60817    	11.97	87 	56 	3  	100   	9.42492
88 	100   	0.225036   	88 	3.03835    	0        	100   	0.594826   	12.46	88 	37 	1  	100   	9.34604
89 	100   	2.43966e+29	89 	2.43966e+31	0        	100   	2.42743e+30	12.89	89 	37 	1  	100   	10.0009
90 	100   	173.359    	90 	17321.1    	0        	100   	1723.42    	11.6 	90 	33 	1  	100   	9.31773
91 	100   	28395      	91 	2.83946e+06	0        	100   	282522     	10.32	91 	35 	1  	100   	8.39152
92 	100   	0.755355   	92 	41.4592    	0        	100   	4.32283    	10.76	92 	35 	1  	100   	8.91753
93 	100   	22.443     	93 	2151.14    	0        	100   	214.05     	10.14	93 	35 	1  	100   	8.7006 
94 	100   	0.332097   	94 	8.60907    	0        	100   	1.22242    	10.81	94 	35 	2  	100   	8.73922
95 	100   	0.424781   	95 	12.1962    	0        	100   	1.80617    	11.12	95 	32 	5  	100   	8.95017
96 	100   	0.326241   	96 	12.6587    	0        	100   	1.38534    	11.45	96 	36 	2  	100   	9.67096
97 	100   	0.279522   	97 	9.39074    	0        	100   	1.04289    	11.94	97 	47 	1  	100   	10.4248
98 	100   	0.365444   	98 	7.50888    	0        	100   	1.10873    	11.45	98 	47 	1  	100   	10.5834
99 	100   	0.168919   	99 	2.15603    	0        	100   	0.454627   	11.01	99 	47 	5  	100   	9.72162
100	100   	2.82881    	100	232.715    	0        	100   	23.1904    	10.39	100	33 	5  	100   	8.93744
