
0;0.2767017573279918;0.27670175732799185;4;(4.69, 12, 2)
1;0.2767017573279918;0.27670175732799185;4;(4.96, 14, 1)
2;0.2767017573279918;0.27670175732799185;4;(5.61, 19, 2)
3;0.2767017573279918;0.27670175732799185;4;(6.18, 19, 1)
4;0.2767017573279918;0.27670175732799185;4;(6.55, 19, 1)
5;0.2767017573279918;0.27670175732799185;4;(6.81, 14, 1)
6;0.3968153923188671;0.3898118729009971;6;(7.65, 18, 1)
7;0.2767017573279918;0.27670175732799185;4;(8.6, 20, 2)
8;0.2767017573279918;0.27670175732799185;4;(7.91, 19, 1)
9;0.2767017573279918;0.27670175732799185;4;(7.78, 28, 1)
10;0.2767017573279918;0.27670175732799185;4;(8.11, 23, 1)
11;0.2767017573279918;0.27670175732799185;4;(8.15, 22, 1)
12;0.2767017573279918;0.27670175732799185;4;(8.2, 23, 1)
13;0.2767017573279918;0.27670175732799185;4;(9.17, 20, 1)
14;0.2767017573279918;0.27670175732799185;4;(8.94, 22, 2)
15;0.2767017573279918;0.27670175732799185;4;(9.51, 20, 2)
16;0.45204694580235816;0.3454842026114854;11;(9.56, 20, 1)
17;0.08547246062713597;0.08547246062713597;6;(11.22, 23, 2)
18;0.2767017573279918;0.27670175732799185;4;(10.09, 20, 1)
19;0.2767017573279918;0.27670175732799185;4;(8.75, 20, 2)
20;0.45204694580235816;0.3454842026114854;11;(8.96, 17, 1)
21;0.08547246062713597;0.08547246062713597;14;(10.61, 23, 2)
22;0.08547246062713597;0.08547246062713597;14;(11.65, 26, 1)
23;0.08547246062713597;0.08547246062713597;14;(12.4, 26, 2)
24;0.08547246062713597;0.08547246062713597;14;(12.24, 26, 2)
25;0.07864095449191401;0.07891191149910934;8;(13.86, 28, 1)
26;0.08547246062713597;0.08547246062713597;16;(12.09, 26, 2)
27;0.08547246062713597;0.08547246062713597;23;(13.48, 30, 3)
28;0.08547246062713597;0.08547246062713597;17;(14.88, 26, 3)
29;0.026854971480587464;0.026854971480587464;6;(13.69, 26, 3)
30;0.026854971480587464;0.026854971480587464;6;(11.57, 25, 3)
31;0.026854971480587464;0.026854971480587464;6;(11.87, 25, 1)
32;0.026854971480587464;0.026854971480587464;6;(12.04, 22, 3)
33;0.026854971480587464;0.026854971480587464;6;(10.55, 19, 1)
34;0.026854971480587464;0.026854971480587464;6;(11.06, 19, 1)
35;0.026854971480587464;0.026854971480587464;6;(12.5, 22, 3)
36;0.026854971480587464;0.026854971480587464;6;(11.29, 19, 3)
37;0.026854971480587464;0.026854971480587464;6;(11.17, 24, 1)
38;0.026854971480587464;0.026854971480587464;6;(10.62, 22, 3)
39;0.026854971480587464;0.026854971480587464;6;(9.57, 17, 2)
40;0.026854971480587464;0.026854971480587464;6;(9.6, 19, 1)
41;0.026854971480587464;0.026854971480587464;6;(8.98, 21, 3)
42;0.026854971480587464;0.026854971480587464;6;(8.89, 20, 3)
43;0.026854971480587464;0.026854971480587464;6;(8.95, 18, 2)
44;0.026854971480587464;0.026854971480587464;6;(8.38, 17, 1)
45;0.026854971480587464;0.026854971480587464;6;(8.08, 18, 1)
46;0.026854971480587464;0.026854971480587464;6;(8.18, 18, 2)
47;0.026854971480587464;0.026854971480587464;6;(7.91, 17, 3)
48;0.026854971480587464;0.026854971480587464;6;(8.37, 17, 2)
49;0.026854971480587464;0.026854971480587464;6;(8.19, 17, 1)
50;0.026854971480587464;0.026854971480587464;6;(7.98, 20, 2)
51;0.015353030775811401;0.0153530307758114;8;(8.08, 17, 3)
52;0.015353030775811401;0.0153530307758114;8;(8.21, 18, 2)
53;0.015353030775811401;0.0153530307758114;8;(8.64, 19, 5)
54;0.015353030775811401;0.0153530307758114;8;(8.59, 17, 1)
55;0.015353030775811401;0.0153530307758114;8;(8.66, 18, 1)
56;0.011614174839880583;0.011614174839880583;7;(8.99, 23, 5)
57;0.011614174839880583;0.011614174839880583;7;(8.72, 19, 1)
58;0.011614174839880583;0.011614174839880583;7;(9.07, 20, 3)
59;0.011614174839880583;0.011614174839880583;7;(8.79, 19, 5)
60;0.011614174839880583;0.011614174839880583;7;(8.38, 17, 3)
61;0.011614174839880583;0.011614174839880583;7;(9.17, 19, 4)
62;0.011614174839880583;0.011614174839880583;7;(9.26, 17, 1)
63;0.011614174839880583;0.011614174839880583;7;(9.66, 21, 3)
64;0.011614174839880583;0.011614174839880583;7;(9.95, 19, 3)
65;0.011614174839880583;0.011614174839880583;7;(10.27, 17, 4)
66;0.011614174839880583;0.011614174839880583;7;(10.15, 28, 4)
67;0.011614174839880583;0.011614174839880583;7;(10.33, 18, 5)
68;0.011614174839880583;0.011614174839880583;7;(9.61, 20, 1)
69;0.011614174839880583;0.011614174839880583;7;(10.3, 19, 4)
70;0.011614174839880583;0.011614174839880583;7;(10.37, 19, 3)
71;0.011614174839880583;0.011614174839880583;7;(9.83, 18, 1)
72;0.011614174839880583;0.011614174839880583;7;(10.64, 19, 1)
73;0.011614174839880583;0.011614174839880583;7;(8.93, 17, 1)
74;0.011614174839880583;0.011614174839880583;7;(9.22, 18, 1)
75;0.011614174839880583;0.011614174839880583;7;(9.25, 22, 3)
76;0.011614174839880583;0.011614174839880583;7;(9.27, 24, 1)
77;0.011614174839880583;0.011614174839880583;7;(9.75, 22, 3)
78;0.011614174839880583;0.011614174839880583;7;(9.65, 23, 4)
79;0.011614174839880583;0.011614174839880583;7;(9.75, 19, 2)
80;0.011614174839880583;0.011614174839880583;7;(8.96, 18, 1)
81;0.011614174839880583;0.011614174839880583;7;(8.87, 18, 1)
82;0.011614174839880583;0.011614174839880583;7;(8.59, 17, 1)
83;0.011614174839880583;0.011614174839880583;7;(8.29, 17, 1)
84;0.011614174839880583;0.011614174839880583;7;(8.59, 20, 3)
85;0.011614174839880583;0.011614174839880583;7;(8.44, 18, 1)
86;0.011614174839880583;0.011614174839880583;7;(8.32, 18, 1)
87;0.011614174839880583;0.011614174839880583;7;(8.5, 18, 4)
88;0.011614174839880583;0.011614174839880583;7;(8.51, 20, 1)
89;0.011614174839880583;0.011614174839880583;7;(8.56, 18, 3)
90;0.010231494782558028;0.010231494782558028;8;(8.33, 18, 2)
91;0.010231494782558028;0.010231494782558028;8;(8.54, 18, 4)
92;0.010231494782558028;0.010231494782558028;8;(7.81, 19, 2)
93;0.010231494782558028;0.010231494782558028;8;(7.81, 19, 1)
94;0.010231494782558028;0.010231494782558028;8;(7.77, 18, 1)
95;0.010231494782558028;0.010231494782558028;8;(7.63, 19, 1)
96;0.010231494782558028;0.010231494782558028;8;(7.89, 18, 1)
97;0.010231494782558028;0.010231494782558028;8;(7.14, 16, 1)
98;0.010231494782558028;0.010231494782558028;8;(7.66, 17, 1)
99;0.010231494782558028;0.010231494782558028;8;(7.27, 17, 1)
100;0.010231494782558028;0.010231494782558028;8;(7.44, 16, 1)